Firsts           Second            Third
[[0. 1. 2.]      [[6. 5. 0. 1. ]   [[7. 0. 3. 1.]
 [0. 1. 2.]      [1. 5. 2. 1.  ]   [0. 0. 0. 0.]
 [2. 3. 2.]      [3. 2. 5. 1.  ]   [7. 0. 3. 1.]
 [0. 1. 2.]      [2. 3. 2. 1.  ]   [3. 2. 5. 1.]
 [7. 0. 3.]      [5. 7. 4. 1.  ]   [6. 7. 0. 1.]
 [6. 5. 0.]      [6. 7. 0. 1.  ]   [6. 0. 6. 1.]
 [5. 7. 4.]      [0. 0. 0. 0.  ]   [0. 0. 0. 0.]
 [3. 2. 5.]]     [1. 5. 2. 1.  ]   [6. 5. 0. 1.]]
 
 
 
 Fourth            Fifth              Sixth
 [[6. 7. 0. 1.]    [[6. 0. 6. 1.]     [[0. 0. 0. 1.]
 [0. 0. 0. 0.]     [0. 0. 0. 0.]      [0. 0. 0. 0.]
 [0. 0. 0. 0.]     [0. 0. 0. 0.]      [0. 0. 0. 0.]
 [1. 5. 2. 1.]     [0. 0. 0. 0.]      [0. 0. 0. 0.]
 [0. 0. 0. 0.]     [0. 0. 0. 0.]      [0. 0. 0. 0.]
 [0. 0. 0. 0.]     [0. 0. 0. 0.]      [0. 0. 0. 0.]
 [0. 0. 0. 0.]     [0. 0. 0. 0.]      [0. 0. 0. 0.]
 [5. 7. 4. 1.]]    [0. 0. 0. 0.]]     [0. 0. 0. 0.]]
 
Seventh            Eighth
[[0. 0. 0. 1.]     [[0. 0. 0. 1.]
 [0. 0. 0. 0.]      [0. 0. 0. 0.]
 [0. 0. 0. 0.]      [0. 0. 0. 0.]
 [0. 0. 0. 0.]      [0. 0. 0. 0.]
 [0. 0. 0. 0.]      [0. 0. 0. 0.]
 [0. 0. 0. 0.]      [0. 0. 0. 0.]
 [0. 0. 0. 0.]      [0. 0. 0. 0.]
 [0. 0. 0. 0.]]     [0. 0. 0. 0.]]



Triangles now     Actual Tris
[[0. 1. 2. 1.]    [0, 1, 2]  
 [2. 3. 2. 1.]    [0, 2, 3]
 [3. 2. 5. 1.]    [2, 4, 3]
 [1. 5. 2. 1.]    [2, 5, 4]
 [6. 5. 0. 1.]    [1, 5, 2]
 [7. 0. 3. 1.]    [1, 6, 5]
 [5. 7. 4. 1.]    [0, 4, 7]
 [6. 7. 0. 1.]    [0, 3, 4]
 [6. 0. 6. 1.]    [5, 7, 4]
 [0. 0. 0. 1.]    [5, 6, 7]
 [0. 0. 0. 1.]    [0, 7, 6]
 [0. 0. 0. 1.]    [0, 6, 1]
          
         

After "Fix"

Firsts
[[0. 1. 2.]
 [0. 1. 2.]
 [0. 2. 3.]
 [0. 1. 2.]
 [0. 4. 7.]
 [1. 6. 5.]
 [2. 4. 3.]
 [2. 5. 4.]]
  
 Seconds
 [[0. 2. 3.]
 [1. 5. 2.]
 [2. 4. 3.]
 [0. 2. 3.]
 [5. 7. 4.]
 [5. 6. 7.]
 [2. 5. 4.]
 [1. 5. 2.]]
 
Thirds
[[0. 4. 7.]
 [1. 6. 5.]
 [0. 3. 4.]
 [2. 4. 3.]
 [5. 6. 7.]
 [0. 7. 6.]
 [0. 4. 7.]
 [1. 6. 5.]]

Fourths
[[0. 3. 4. 1.]
 [0. 6. 1. 1.]
 [0. 0. 0. 0.]
 [2. 5. 4. 1.]
 [0. 7. 6. 1.]
 [0. 6. 1. 1.]
 [0. 3. 4. 1.]
 [5. 7. 4. 1.]]
 
Fifths
[[0. 7. 6. 1.]
 [0. 0. 0. 0.]
 [0. 0. 0. 0.]
 [1. 5. 2. 1.]
 [0. 0. 0. 0.]
 [0. 0. 0. 0.]
 [5. 7. 4. 1.]
 [5. 6. 7. 1.]]

Sixths
 [[0. 6. 1. 1.]
 [0. 0. 0. 0.]
 [0. 0. 0. 0.]
 [0. 0. 0. 0.]
 [0. 0. 0. 0.]
 [0. 0. 0. 0.]
 [0. 0. 0. 0.]
 [0. 0. 0. 0.]]

No Seventh

