[[0. 0. 0. 1. 0. 0. 0. 0. 0. 0. 0. 0. 0. 0.]
 [1. 0. 0. 1. 0. 0. 0. 0. 0. 0. 0. 0. 0. 0.]
 [3. 0. 0. 1. 0. 0. 0. 0. 0. 0. 0. 0. 0. 0.]
 [2. 0. 0. 1. 0. 0. 0. 0. 0. 0. 0. 0. 0. 0.]
 [7. 0. 0. 1. 0. 0. 0. 0. 0. 0. 0. 0. 0. 0.]
 [6. 0. 0. 1. 0. 0. 0. 0. 0. 0. 0. 0. 0. 0.]
 [4. 0. 0. 1. 0. 0. 0. 0. 0. 0. 0. 0. 0. 0.]
 [5. 0. 0. 1. 0. 0. 0. 0. 0. 0. 0. 0. 0. 0.]]
 
 Same for 2nd, 3rd
 
 4th
 [0. 0. 0. 1.]
 [1. 0. 0. 1.]
 [0. 0. 0. 0.]
 [2. 0. 0. 1.]
 [7. 0. 0. 1.]
 [6. 0. 0. 1.]
 [4. 0. 0. 1.]
 [5. 0. 0. 1.]
 
 5th 
 [0. 0. 0. 1.]
 [0. 0. 0. 0.]
 [0. 0. 0. 0.]
 [2. 0. 0. 1.]
 [0. 0. 0. 0.]
 [0. 0. 0. 0.]
 [4. 0. 0. 1.]
 [5. 0. 0. 1.]
 
 6th 
 [[0. 0. 0. 1.]
 [0. 0. 0. 0.]
 [0. 0. 0. 0.]
 [0. 0. 0. 0.]
 [0. 0. 0. 0.]
 [0. 0. 0. 0.]
 [0. 0. 0. 0.]
 [0. 0. 0. 0.]]
 
 
 
 Printing Vertex positions as well (after padding vertices array)
 First
  idx         position
[[0. 0. 0. 1. 0. 0. 0.]
 [1. 0. 0. 1. 1. 0. 0.]
 [3. 0. 0. 1. 0. 1. 0.]
 [2. 0. 0. 1. 1. 1. 0.]
 [7. 0. 0. 1. 0. 0. 1.]
 [6. 0. 0. 1. 1. 0. 1.]
 [4. 0. 0. 1. 0. 1. 1.]
 [5. 0. 0. 1. 1. 1. 1.] 
 
 2nd
 [0. 0. 0. 1. 0. 0. 0.]
 [1. 0. 0. 1. 1. 0. 0. ]
 [3. 0. 0. 1. 0. 1. 0. ]
 [2. 0. 0. 1. 1. 1. 0. ]
 [7. 0. 0. 1. 0. 0. 1. ]
 [6. 0. 0. 1. 1. 0. 1. ]
 [4. 0. 0. 1. 0. 1. 1. ]
 [5. 0. 0. 1. 1. 1. 1. ]
 
 
 
 